%% Draw with BSpline Error
x= [-4.5,-4.498,-4.496,-4.494,-4.492,-4.49,-4.488,-4.486,-4.484,-4.482,-4.48,-4.478,-4.476,-4.474,-4.472,-4.47,-4.468,-4.466,-4.464,-4.462,-4.46,-4.458,-4.456,-4.454,-4.452,-4.45,-4.448,-4.446,-4.444,-4.442,-4.44,-4.438,-4.436,-4.434,-4.432,-4.43,-4.428,-4.426,-4.424,-4.422,-4.42,-4.418,-4.416,-4.414,-4.412,-4.41,-4.408,-4.406,-4.404,-4.402,-4.4,-4.398,-4.396,-4.394,-4.392,-4.39,-4.388,-4.386,-4.384,-4.382,-4.38,-4.378,-4.376,-4.374,-4.372,-4.37,-4.368,-4.366,-4.364,-4.362,-4.36,-4.358,-4.356,-4.354,-4.352,-4.35,-4.348,-4.346,-4.344,-4.342,-4.34,-4.338,-4.336,-4.334,-4.332,-4.33,-4.328,-4.326,-4.324,-4.322,-4.32,-4.318,-4.316,-4.314,-4.312,-4.31,-4.308,-4.306,-4.304,-4.302,-4.3,-4.298,-4.296,-4.294,-4.292,-4.29,-4.288,-4.286,-4.284,-4.282,-4.28,-4.278,-4.276,-4.274,-4.272,-4.27,-4.268,-4.266,-4.264,-4.262,-4.26,-4.258,-4.256,-4.254,-4.252,-4.25,-4.248,-4.246,-4.244,-4.242,-4.24,-4.238,-4.236,-4.234,-4.232,-4.23,-4.228,-4.226,-4.224,-4.222,-4.22,-4.218,-4.216,-4.214,-4.212,-4.21,-4.208,-4.206,-4.204,-4.202,-4.2,-4.198,-4.196,-4.194,-4.192,-4.19,-4.188,-4.186,-4.184,-4.182,-4.18,-4.178,-4.176,-4.174,-4.172,-4.17,-4.168,-4.166,-4.164,-4.162,-4.16,-4.158,-4.156,-4.154,-4.152,-4.15,-4.148,-4.146,-4.144,-4.142,-4.14,-4.138,-4.136,-4.134,-4.132,-4.13,-4.128,-4.126,-4.124,-4.122,-4.12,-4.118,-4.116,-4.114,-4.112,-4.11,-4.108,-4.106,-4.104,-4.102,-4.1,-4.098,-4.096,-4.094,-4.092,-4.09,-4.088,-4.086,-4.084,-4.082,-4.08,-4.078,-4.076,-4.074,-4.072,-4.07,-4.068,-4.066,-4.064,-4.062,-4.06,-4.058,-4.056,-4.054,-4.052,-4.05,-4.048,-4.046,-4.044,-4.042,-4.04,-4.038,-4.036,-4.034,-4.032,-4.03,-4.028,-4.026,-4.024,-4.022,-4.02,-4.018,-4.016,-4.014,-4.012,-4.01,-4.008,-4.006,-4.004,-4.002,-4,-3.998,-3.996,-3.994,-3.992,-3.99,-3.988,-3.986,-3.984,-3.982,-3.98,-3.978,-3.976,-3.974,-3.972,-3.97,-3.968,-3.966,-3.964,-3.962,-3.96,-3.958,-3.956,-3.954,-3.952,-3.95,-3.948,-3.946,-3.944,-3.942,-3.94,-3.938,-3.936,-3.934,-3.932,-3.93,-3.928,-3.926,-3.924,-3.922,-3.92,-3.918,-3.916,-3.914,-3.912,-3.91,-3.908,-3.906,-3.904,-3.902,-3.9,-3.898,-3.896,-3.894,-3.892,-3.89,-3.888,-3.886,-3.884,-3.882,-3.88,-3.878,-3.876,-3.874,-3.872,-3.87,-3.868,-3.866,-3.864,-3.862,-3.86,-3.858,-3.856,-3.854,-3.852,-3.85,-3.848,-3.846,-3.844,-3.842,-3.84,-3.838,-3.836,-3.834,-3.832,-3.83,-3.828,-3.826,-3.824,-3.822,-3.82,-3.818,-3.816,-3.814,-3.812,-3.81,-3.808,-3.806,-3.804,-3.802,-3.8,-3.798,-3.796,-3.794,-3.792,-3.79,-3.788,-3.786,-3.784,-3.782,-3.78,-3.778,-3.776,-3.774,-3.772,-3.77,-3.768,-3.766,-3.764,-3.762,-3.76,-3.758,-3.756,-3.754,-3.752,-3.75,-3.748,-3.746,-3.744,-3.742,-3.74,-3.738,-3.736,-3.734,-3.732,-3.73,-3.728,-3.726,-3.724,-3.722,-3.72,-3.718,-3.716,-3.714,-3.712,-3.71,-3.708,-3.706,-3.704,-3.702,-3.7,-3.698,-3.696,-3.694,-3.692,-3.69,-3.688,-3.686,-3.684,-3.682,-3.68,-3.678,-3.676,-3.674,-3.672,-3.67,-3.668,-3.666,-3.664,-3.662,-3.66,-3.658,-3.656,-3.654,-3.652,-3.65,-3.648,-3.646,-3.644,-3.642,-3.64,-3.638,-3.636,-3.634,-3.632,-3.63,-3.628,-3.626,-3.624,-3.622,-3.62,-3.618,-3.616,-3.614,-3.612,-3.61,-3.608,-3.606,-3.604,-3.602,-3.6,-3.598,-3.596,-3.594,-3.592,-3.59,-3.588,-3.586,-3.584,-3.582,-3.58,-3.578,-3.576,-3.574,-3.572,-3.57,-3.568,-3.566,-3.564,-3.562,-3.56,-3.558,-3.556,-3.554,-3.552,-3.55,-3.548,-3.546,-3.544,-3.542,-3.54,-3.538,-3.536,-3.534,-3.532,-3.53,-3.528,-3.526,-3.524,-3.522,-3.52,-3.518,-3.516,-3.514,-3.512,-3.51,-3.508,-3.506,-3.504,-3.502,-3.5,-3.498,-3.496,-3.494,-3.492,-3.49,-3.488,-3.486,-3.484,-3.482,-3.48,-3.478,-3.476,-3.474,-3.472,-3.47,-3.468,-3.466,-3.464,-3.462,-3.46,-3.458,-3.456,-3.454,-3.452,-3.45,-3.448,-3.446,-3.444,-3.442,-3.44,-3.438,-3.436,-3.434,-3.432,-3.43,-3.428,-3.426,-3.424,-3.422,-3.42,-3.418,-3.416,-3.414,-3.412,-3.41,-3.408,-3.406,-3.404,-3.402,-3.4,-3.398,-3.396,-3.394,-3.392,-3.39,-3.388,-3.386,-3.384,-3.382,-3.38,-3.378,-3.376,-3.374,-3.372,-3.37,-3.368,-3.366,-3.364,-3.362,-3.36,-3.358,-3.356,-3.354,-3.352,-3.35,-3.348,-3.346,-3.344,-3.342,-3.34,-3.338,-3.336,-3.334,-3.332,-3.33,-3.328,-3.326,-3.324,-3.322,-3.32,-3.318,-3.316,-3.314,-3.312,-3.31,-3.308,-3.306,-3.304,-3.302,-3.3,-3.298,-3.296,-3.294,-3.292,-3.29,-3.288,-3.286,-3.284,-3.282,-3.28,-3.278,-3.276,-3.274,-3.272,-3.27,-3.268,-3.266,-3.264,-3.262,-3.26,-3.258,-3.256,-3.254,-3.252,-3.25,-3.248,-3.246,-3.244,-3.242,-3.24,-3.238,-3.236,-3.234,-3.232,-3.23,-3.228,-3.226,-3.224,-3.222,-3.22,-3.218,-3.216,-3.214,-3.212,-3.21,-3.208,-3.206,-3.204,-3.202,-3.2,-3.198,-3.196,-3.194,-3.192,-3.19,-3.188,-3.186,-3.184,-3.182,-3.18,-3.178,-3.176,-3.174,-3.172,-3.17,-3.168,-3.166,-3.164,-3.162,-3.16,-3.158,-3.156,-3.154,-3.152,-3.15,-3.148,-3.146,-3.144,-3.142,-3.14,-3.138,-3.136,-3.134,-3.132,-3.13,-3.128,-3.126,-3.124,-3.122,-3.12,-3.118,-3.116,-3.114,-3.112,-3.11,-3.108,-3.106,-3.104,-3.102,-3.1,-3.098,-3.096,-3.094,-3.092,-3.09,-3.088,-3.086,-3.084,-3.082,-3.08,-3.078,-3.076,-3.074,-3.072,-3.07,-3.068,-3.066,-3.064,-3.062,-3.06,-3.058,-3.056,-3.054,-3.052,-3.05,-3.048,-3.046,-3.044,-3.042,-3.04,-3.038,-3.036,-3.034,-3.032,-3.03,-3.028,-3.026,-3.024,-3.022,-3.02,-3.018,-3.016,-3.014,-3.012,-3.01,-3.008,-3.006,-3.004,-3.002,-3,-2.998,-2.996,-2.994,-2.992,-2.99,-2.988,-2.986,-2.984,-2.982,-2.98,-2.978,-2.976,-2.974,-2.972,-2.97,-2.968,-2.966,-2.964,-2.962,-2.96,-2.958,-2.956,-2.954,-2.952,-2.95,-2.948,-2.946,-2.944,-2.942,-2.94,-2.938,-2.936,-2.934,-2.932,-2.93,-2.928,-2.926,-2.924,-2.922,-2.92,-2.918,-2.916,-2.914,-2.912,-2.91,-2.908,-2.906,-2.904,-2.902,-2.9,-2.898,-2.896,-2.894,-2.892,-2.89,-2.888,-2.886,-2.884,-2.882,-2.88,-2.878,-2.876,-2.874,-2.872,-2.87,-2.868,-2.866,-2.864,-2.862,-2.86,-2.858,-2.856,-2.854,-2.852,-2.85,-2.848,-2.846,-2.844,-2.842,-2.84,-2.838,-2.836,-2.834,-2.832,-2.83,-2.828,-2.826,-2.824,-2.822,-2.82,-2.818,-2.816,-2.814,-2.812,-2.81,-2.808,-2.806,-2.804,-2.802,-2.8,-2.798,-2.796,-2.794,-2.792,-2.79,-2.788,-2.786,-2.784,-2.782,-2.78,-2.778,-2.776,-2.774,-2.772,-2.77,-2.768,-2.766,-2.764,-2.762,-2.76,-2.758,-2.756,-2.754,-2.752,-2.75,-2.748,-2.746,-2.744,-2.742,-2.74,-2.738,-2.736,-2.734,-2.732,-2.73,-2.728,-2.726,-2.724,-2.722,-2.72,-2.718,-2.716,-2.714,-2.712,-2.71,-2.708,-2.706,-2.704,-2.702,-2.7,-2.698,-2.696,-2.694,-2.692,-2.69,-2.688,-2.686,-2.684,-2.682,-2.68,-2.678,-2.676,-2.674,-2.672,-2.67,-2.668,-2.666,-2.664,-2.662,-2.66,-2.658,-2.656,-2.654,-2.652,-2.65,-2.648,-2.646,-2.644,-2.642,-2.64,-2.638,-2.636,-2.634,-2.632,-2.63,-2.628,-2.626,-2.624,-2.622,-2.62,-2.618,-2.616,-2.614,-2.612,-2.61,-2.608,-2.606,-2.604,-2.602,-2.6,-2.598,-2.596,-2.594,-2.592,-2.59,-2.588,-2.586,-2.584,-2.582,-2.58,-2.578,-2.576,-2.574,-2.572,-2.57,-2.568,-2.566,-2.564,-2.562,-2.56,-2.558,-2.556,-2.554,-2.552,-2.55,-2.548,-2.546,-2.544,-2.542,-2.54,-2.538,-2.536,-2.534,-2.532,-2.53,-2.528,-2.526,-2.524,-2.522,-2.52,-2.518,-2.516,-2.514,-2.512,-2.51,-2.508,-2.506,-2.504,-2.502,-2.5,-2.498,-2.496,-2.494,-2.492,-2.49,-2.488,-2.486,-2.484,-2.482,-2.48,-2.478,-2.476,-2.474,-2.472,-2.47,-2.468,-2.466,-2.464,-2.462,-2.46,-2.458,-2.456,-2.454,-2.452,-2.45,-2.448,-2.446,-2.444,-2.442,-2.44,-2.438,-2.436,-2.434,-2.432,-2.43,-2.428,-2.426,-2.424,-2.422,-2.42,-2.418,-2.416,-2.414,-2.412,-2.41,-2.408,-2.406,-2.404,-2.402,-2.4,-2.398,-2.396,-2.394,-2.392,-2.39,-2.388,-2.386,-2.384,-2.382,-2.38,-2.378,-2.376,-2.374,-2.372,-2.37,-2.368,-2.366,-2.364,-2.362,-2.36,-2.358,-2.356,-2.354,-2.352,-2.35,-2.348,-2.346,-2.344,-2.342,-2.34,-2.338,-2.336,-2.334,-2.332,-2.33,-2.328,-2.326,-2.324,-2.322,-2.32,-2.318,-2.316,-2.314,-2.312,-2.31,-2.308,-2.306,-2.304,-2.302,-2.3,-2.298,-2.296,-2.294,-2.292,-2.29,-2.288,-2.286,-2.284,-2.282,-2.28,-2.278,-2.276,-2.274,-2.272,-2.27,-2.268,-2.266,-2.264,-2.262,-2.26,-2.258,-2.256,-2.254,-2.252,-2.25,-2.248,-2.246,-2.244,-2.242,-2.24,-2.238,-2.236,-2.234,-2.232,-2.23,-2.228,-2.226,-2.224,-2.222,-2.22,-2.218,-2.216,-2.214,-2.212,-2.21,-2.208,-2.206,-2.204,-2.202,-2.2,-2.198,-2.196,-2.194,-2.192,-2.19,-2.188,-2.186,-2.184,-2.182,-2.18,-2.178,-2.176,-2.174,-2.172,-2.17,-2.168,-2.166,-2.164,-2.162,-2.16,-2.158,-2.156,-2.154,-2.152,-2.15,